0 0 
0 0 
1 4.11403e-06 
2 1.01244e-05 
3 1.61891e-05 
4 2.23297e-05 
5 2.8554e-05 
6 3.48829e-05 
7 4.13556e-05 
8 4.79953e-05 
9 5.48094e-05 
10 6.17903e-05 
11 6.89383e-05 
12 7.62621e-05 
13 8.37605e-05 
14 9.14267e-05 
15 9.9254e-05 
16 0.000107231 
17 0.000115357 
18 0.000123638 
19 0.000132072 
20 0.000140652 
21 0.000149354 
22 0.000158183 
23 0.000167148 
24 0.000176232 
25 0.000185415 
26 0.000194685 
27 0.00020398 
28 0.000213273 
29 0.000222538 
30 0.000231821 
31 0.000241166 
32 0.000250594 
33 0.000260146 
34 0.000269801 
35 0.000279544 
36 0.000289366 
37 0.000299262 
38 0.000309243 
39 0.000319328 
40 0.000329533 
41 0.000339863 
42 0.000350314 
43 0.000360872 
44 0.000371528 
45 0.000382282 
46 0.00039314 
47 0.000404113 
48 0.000415189 
49 0.00042639 
50 0.000437748 
51 0.000449253 
52 0.000460897 
53 0.000472676 
54 0.0004846 
55 0.000496682 
56 0.00050893 
57 0.000521335 
58 0.000533889 
59 0.000546597 
60 0.000559477 
61 0.00057256 
62 0.000585839 
63 0.000599317 
64 0.000613002 
65 0.000626904 
66 0.000641038 
67 0.00065542 
68 0.000670042 
69 0.000684864 
70 0.000699947 
71 0.000715292 
72 0.000730883 
73 0.000746666 
74 0.00076266 
75 0.000778846 
76 0.00079519 
77 0.000811649 
78 0.000828215 
79 0.000844884 
80 0.000861658 
81 0.0008786 
82 0.000895655 
83 0.000912789 
84 0.000930014 
85 0.000947303 
86 0.000964714 
87 0.000982254 
88 0.000999902 
89 0.00101767 
90 0.00103553 
91 0.00105353 
92 0.00107171 
93 0.00109008 
94 0.00110863 
95 0.00112734 
96 0.00114623 
97 0.00116522 
98 0.00118433 
99 0.00120352 
100 0.00122281 
101 0.00124222 
102 0.00126174 
103 0.00128133 
104 0.001301 
105 0.00132077 
106 0.00134061 
107 0.00136055 
108 0.0013806 
109 0.00140085 
110 0.00142129 
111 0.00144194 
112 0.00146277 
113 0.00148378 
114 0.00150496 
115 0.00152632 
116 0.00154786 
117 0.00156955 
118 0.0015914 
119 0.00161341 
120 0.00163553 
121 0.00165777 
122 0.00168015 
123 0.00170267 
124 0.00172534 
125 0.00174815 
126 0.0017711 
127 0.00179418 
128 0.00181736 
129 0.00184065 
130 0.00186405 
131 0.00188753 
132 0.00191108 
133 0.00193464 
134 0.00195806 
135 0.00198148 
136 0.00200488 
137 0.00202827 
138 0.00205171 
139 0.00207496 
140 0.00209814 
141 0.00212121 
142 0.00214429 
143 0.00216741 
144 0.00219058 
145 0.00221383 
146 0.00223715 
147 0.00226048 
148 0.00228377 
149 0.00230707 
150 0.00233038 
151 0.00235372 
152 0.00237712 
153 0.00240058 
154 0.00242406 
155 0.00244757 
156 0.0024711 
157 0.00249468 
158 0.00251832 
159 0.00254208 
160 0.00256591 
161 0.00258981 
162 0.00261375 
163 0.00263777 
164 0.00266187 
165 0.00268611 
166 0.0027105 
167 0.002735 
168 0.00275959 
169 0.00278428 
170 0.00280907 
171 0.002834 
172 0.00285908 
173 0.00288429 
174 0.00290962 
175 0.00293506 
176 0.00296061 
177 0.00298629 
178 0.00301211 
179 0.00303809 
180 0.00306421 
181 0.00309045 
182 0.00311687 
183 0.00314341 
184 0.00317009 
185 0.00319684 
186 0.00322369 
187 0.00325066 
188 0.00327774 
189 0.00330492 
190 0.0033322 
191 0.00335953 
192 0.00338693 
193 0.00341436 
194 0.00344185 
195 0.00346938 
196 0.00349694 
197 0.00352458 
198 0.00355226 
199 0.00357998 
200 0.00360771 
201 0.00363547 
202 0.0036632 
203 0.00369095 
204 0.00371873 
205 0.00374656 
206 0.00377444 
207 0.00380233 
208 0.00383023 
209 0.00385788 
210 0.00388556 
211 0.00391325 
212 0.00394095 
213 0.00396869 
214 0.0039965 
215 0.00402436 
216 0.00405225 
217 0.00408015 
218 0.00410785 
219 0.00413556 
220 0.00416331 
221 0.0041911 
222 0.0042189 
223 0.00424673 
224 0.00427459 
225 0.00430247 
226 0.00433035 
227 0.00435824 
228 0.00438615 
229 0.00441409 
230 0.00444206 
231 0.00447004 
232 0.00449804 
233 0.00452607 
234 0.00455413 
235 0.00458225 
236 0.00461039 
237 0.00463856 
238 0.00466679 
239 0.00469509 
240 0.00472344 
241 0.00475185 
242 0.00478029 
243 0.00480881 
244 0.00483741 
245 0.00486608 
246 0.00489481 
247 0.0049236 
248 0.00495247 
249 0.00498145 
250 0.00501052 
251 0.00503968 
252 0.00506891 
253 0.00509825 
254 0.0051277 
255 0.00515725 
256 0.00518689 
257 0.00521661 
258 0.00524646 
259 0.00527642 
260 0.00530649 
261 0.00533665 
262 0.00536689 
263 0.00539727 
264 0.00542778 
265 0.0054584 
266 0.00548912 
267 0.00551993 
268 0.00555087 
269 0.00558196 
270 0.00561317 
271 0.0056445 
272 0.00567591 
273 0.00570745 
274 0.00573913 
275 0.00577092 
276 0.00580283 
277 0.00583483 
278 0.00586695 
279 0.00589921 
280 0.00593162 
281 0.0059642 
282 0.00599689 
283 0.00602971 
284 0.00606263 
285 0.00609564 
286 0.00612871 
287 0.00616186 
288 0.00619512 
289 0.0062285 
290 0.00626199 
291 0.00629566 
292 0.00632941 
293 0.00636326 
294 0.00639719 
295 0.00643117 
296 0.00646519 
297 0.00649926 
298 0.00653341 
299 0.00656766 
300 0.00660203 
301 0.00663654 
302 0.00667113 
303 0.0067058 
304 0.00674054 
305 0.00677532 
306 0.00681012 
307 0.00684495 
308 0.00687983 
309 0.00691481 
310 0.00694933 
311 0.00698391 
312 0.00701858 
313 0.00705333 
314 0.0070881 
315 0.00712292 
316 0.0071578 
317 0.00719273 
318 0.00722772 
319 0.00726279 
320 0.00729797 
321 0.00733327 
322 0.00736872 
323 0.00740426 
324 0.00743986 
325 0.00747554 
326 0.00751125 
327 0.00754699 
328 0.00758276 
329 0.00761857 
330 0.00765446 
331 0.00769043 
332 0.0077265 
333 0.00776267 
334 0.0077989 
335 0.00783519 
336 0.00787151 
337 0.00790784 
338 0.00794417 
339 0.00798051 
340 0.00801692 
341 0.00805336 
342 0.00808986 
343 0.00812643 
344 0.00816311 
345 0.00819988 
346 0.00823675 
347 0.00827365 
